#Wed Oct 17 08:47:00 EDT 2018
currentOpen=1.15256
dateTimePrice=2018-10-17T12\:46
action=BUY
currentClose=1.15265
prevOpen=1.15219
prevClose=1.15256
id=21
